              precision    recall  f1-score   support

           A       1.00      1.00      1.00       331
           B       1.00      1.00      1.00       432
           C       1.00      1.00      1.00       310
           D       1.00      1.00      1.00       245
           E       1.00      1.00      1.00       498
           F       1.00      1.00      1.00       247
           G       1.00      0.97      0.99       348
           H       0.98      1.00      0.99       436
           I       0.95      1.00      0.98       288
           K       1.00      1.00      1.00       331
           L       1.00      1.00      1.00       209
           M       1.00      1.00      1.00       394
           N       1.00      1.00      1.00       291
           O       1.00      1.00      1.00       246
           P       1.00      1.00      1.00       347
           Q       1.00      1.00      1.00       164
           R       1.00      1.00      1.00       144
           S       1.00      0.99      1.00       246
           T       1.00      0.93      0.96       248
           U       1.00      1.00      1.00       266
           V       1.00      1.00      1.00       346
           W       1.00      1.00      1.00       206
           X       0.94      1.00      0.97       267
           Y       1.00      0.96      0.98       332

    accuracy                           0.99      7172
   macro avg       0.99      0.99      0.99      7172
weighted avg       0.99      0.99      0.99      7172
